4 1 150 100 4 250 50 5 300 50 2 800 150 4 5 7 180 4 9 380 2 4 500 4 6 600 -1
5 1 240 100 2 290 100 3 350 50 4 850 100 5 950 150 3 6 8 200 3 4 400 1 4 600 -1
3 3 0 250 4 820 50 4 420 50 2 1 3 600 2 2 500 -1
5 3 220 250 2 980 250 3 670 550 5 820 50 1 520 350 3 3 1 300 4 3 400 1 4 800 -1
5 2 220 250 2 620 500 1 420 500 3 750 250 2 900 450 3 5 4 500 1 5 500 3 6 400 -1
5 3 150 250 2 450 450 1 550 250 3 800 250 2 980 450 5 1 7 200 2 8 300 3 6 700 4 4 800 3 5 900 -1
2 2 620 50 3 400 80 2 3 4 400 4 5 600 -1
3 3 310 50 4 360 50 2 600 100 3 5 6 250 2 7 350 5 8 450 -1
4 2 200 100 3 300 400 4 500 50 5 550 50 4 2 9 100 1 9 200 1 3 200 3 5 500 -1
8 2 100 250 4 300 50 1 300 450 3 450 250 3 500 650 3 650 250 2 800 500 5 1000 50  6 1 3 320 4 4 200 3 1 500 5 8 850 4 7 900 1  4 650 -1
7 2 100 250 4 300 50 2 300 450 1 450 250 1 500 650 1 650 250 2 800 500 6 1 3 320 4 4 200 3 1 500 5 8 850 4 7 900 1  4 650 -1
8 2 100 250 4 300 50 3 100 450 1 450 450 1 500 650 3 650 250 2 800 500 5 1000 50  6 1 3 320 4 4 200 3 1 500 5 8 850 4 7 900 1  4 650 -1
9 2 100 250 2 100 450 4 300 50 1 300 450 2 450 250 1 500 650 3 650 250 2 800 500 5 1000 50  6 1 10 320 4 4 200 3 1 500 5 8 850 1 7 900 1  4 700 -1 
